<?xml version="1.0"?>
<opencv_storage>
<CameraMatrix type_id="opencv-matrix">
  <rows>3</rows>
  <cols>3</cols>
  <dt>d</dt>
  <data>
    4.8908785371374034e+02 0. 3.3109082548030386e+02 0.
    4.9127240690555959e+02 2.3099184798169773e+02 0. 0. 1.</data></CameraMatrix>
<DistortionCoeffs type_id="opencv-matrix">
  <rows>1</rows>
  <cols>5</cols>
  <dt>d</dt>
  <data>
    -3.6270683269603371e-01 1.8599105179218986e-01
    1.5422223555049448e-05 -3.8993286758392420e-05
    -6.2182259928727897e-02</data></DistortionCoeffs>
<RMatrix type_id="opencv-matrix">
  <rows>3</rows>
  <cols>1</cols>
  <dt>d</dt>
  <data>
    -1.3684659063616835e+00 -1.3261309713930758e+00
    -1.0703255380874550e+00</data></RMatrix>
<TMatrix type_id="opencv-matrix">
  <rows>3</rows>
  <cols>1</cols>
  <dt>d</dt>
  <data>
    -1.8297095851715637e+00 8.4448001521016778e+00
    1.7947099221149724e+01</data></TMatrix>
</opencv_storage>
