<?xml version="1.0"?>
<opencv_storage>
<CameraMatrix type_id="opencv-matrix">
  <rows>3</rows>
  <cols>3</cols>
  <dt>d</dt>
  <data>
    4.8908785371374034e+02 0. 3.3109082548030386e+02 0.
    4.9127240690555959e+02 2.3099184798169773e+02 0. 0. 1.</data></CameraMatrix>
<DistortionCoeffs type_id="opencv-matrix">
  <rows>1</rows>
  <cols>5</cols>
  <dt>d</dt>
  <data>
    -3.6270683269603371e-01 1.8599105179218986e-01
    1.5422223555049448e-05 -3.8993286758392420e-05
    -6.2182259928727897e-02</data></DistortionCoeffs>
<RVector type_id="opencv-matrix">
  <rows>3</rows>
  <cols>1</cols>
  <dt>d</dt>
  <data>
    -5.0105828679577732e-02 -2.2052258205847139e+00
    -2.2021085448678712e+00</data></RVector>
<RMatrix type_id="opencv-matrix">
  <rows>3</rows>
  <cols>3</cols>
  <dt>d</dt>
  <data>
    -9.9917737290339670e-01 4.0216706913993691e-02
    5.2147831077274422e-03 5.2716678335400259e-03 1.3085366464558046e-03
    9.9998524851624615e-01 4.0209289923095221e-02 9.9919012415898090e-01
    -1.5194693289621863e-03</data></RMatrix>
<TVector type_id="opencv-matrix">
  <rows>3</rows>
  <cols>1</cols>
  <dt>d</dt>
  <data>
    5.1968264461364049e+02 1.4455446295061761e+03 3.0440897529966533e+03</data></TVector>
</opencv_storage>
