<?xml version="1.0"?>
<opencv_storage>
<CameraMatrix type_id="opencv-matrix">
  <rows>3</rows>
  <cols>3</cols>
  <dt>d</dt>
  <data>
    4.8830630611509036e+02 0. 3.2968170384606231e+02 0.
    4.9064546314850418e+02 2.2864786587611667e+02 0. 0. 1.</data></CameraMatrix>
<DistortionCoeffs type_id="opencv-matrix">
  <rows>1</rows>
  <cols>5</cols>
  <dt>d</dt>
  <data>
    -3.6262315324285260e-01 1.8006280948482528e-01
    3.5727561962835551e-04 5.9424405642996812e-05
    -4.9224490996581077e-02</data></DistortionCoeffs>
</opencv_storage>
