<?xml version="1.0"?>
<opencv_storage>
<CameraMatrix type_id="opencv-matrix">
  <rows>3</rows>
  <cols>3</cols>
  <dt>d</dt>
  <data>
    4.8777676819161707e+02 0. 3.2189846439557488e+02 0.
    4.8645879104613857e+02 2.3421175458291370e+02 0. 0. 1.</data></CameraMatrix>
<DistortionCoeffs type_id="opencv-matrix">
  <rows>1</rows>
  <cols>5</cols>
  <dt>d</dt>
  <data>
    -3.5257794083578936e-01 1.4930762414571316e-01
    1.3469526752105259e-03 -3.1961962075398190e-04
    -2.4357414747233391e-02</data></DistortionCoeffs>
</opencv_storage>
