<?xml version="1.0"?>
<opencv_storage>
<CameraMatrix type_id="opencv-matrix">
  <rows>3</rows>
  <cols>3</cols>
  <dt>d</dt>
  <data>
    4.9114538441413794e+02 0. 3.3491950076478844e+02 0.
    4.9305197485218446e+02 2.2489290780132458e+02 0. 0. 1.</data></CameraMatrix>
<DistortionCoeffs type_id="opencv-matrix">
  <rows>1</rows>
  <cols>5</cols>
  <dt>d</dt>
  <data>
    -3.7262057620880945e-01 2.1143094463047074e-01
    2.1322510573994736e-04 -7.5128484409551035e-05
    -7.8059592151645693e-02</data></DistortionCoeffs>
</opencv_storage>
