<?xml version="1.0"?>
<opencv_storage>
<CameraMatrix type_id="opencv-matrix">
  <rows>3</rows>
  <cols>3</cols>
  <dt>d</dt>
  <data>
    4.8978214839612315e+02 0. 3.4499575455919484e+02 0.
    4.9201625006698845e+02 2.4240988725543536e+02 0. 0. 1.</data></CameraMatrix>
<DistortionCoeffs type_id="opencv-matrix">
  <rows>1</rows>
  <cols>5</cols>
  <dt>d</dt>
  <data>
    -3.7748786382452604e-01 2.1366455971817924e-01
    -7.8258176841248075e-04 -8.3153384905751589e-04
    -7.4493404902940458e-02</data></DistortionCoeffs>
<RVector type_id="opencv-matrix">
  <rows>3</rows>
  <cols>1</cols>
  <dt>d</dt>
  <data>
    -7.5597600731340842e-01 1.5627313158101277e+00
    1.7932788788360716e+00</data></RVector>
<RMatrix type_id="opencv-matrix">
  <rows>3</rows>
  <cols>3</cols>
  <dt>d</dt>
  <data>
    -6.3366557476237140e-01 -7.7346818356640168e-01
    -1.4659753461933656e-02 9.1248566967708111e-02
    -9.3546338052238331e-02 9.9142462228015904e-01
    -7.6820676799115306e-01 6.2689397161522264e-01
    1.2985495741433706e-01</data></RMatrix>
<TVector type_id="opencv-matrix">
  <rows>3</rows>
  <cols>1</cols>
  <dt>d</dt>
  <data>
    -3.9529150940410943e+01 9.4605790274513208e+02
    4.5184748864569792e+03</data></TVector>
</opencv_storage>
