<?xml version="1.0"?>
<opencv_storage>
<CameraMatrix type_id="opencv-matrix">
  <rows>3</rows>
  <cols>3</cols>
  <dt>d</dt>
  <data>
    4.9076124437931458e+02 0. 3.4585023491741765e+02 0.
    4.9297380224807370e+02 2.3971876717288242e+02 0. 0. 1.</data></CameraMatrix>
<DistortionCoeffs type_id="opencv-matrix">
  <rows>1</rows>
  <cols>5</cols>
  <dt>d</dt>
  <data>
    -3.7319674296663524e-01 2.0853434199484583e-01
    -3.5555084772592228e-04 -6.3746263457737631e-04
    -7.3537302416714592e-02</data></DistortionCoeffs>
</opencv_storage>
